V34_SIZE = 23;
V34_SCRAMBLER = [1,0,0,1,0,1,0,1,0,0,0,0,0,0,0,1,1,1,0,1,1,0,1];